0 0 60.0 4.0 0.0 0.0 0.0 0.382683432 0.923879533
0 0 56.0 4.0 0.0 0.0 0.0 0.382683432 0.923879533
0 0 52.0 4.0 0.0 0.0 0.0 0.382683432 0.923879533
0 0 48.0 4.0 0.0 0.0 0.0 0.382683432 0.923879533
0 0 44.0 4.0 0.0 0.0 0.0 0.382683432 0.923879533
0 0 40.0 4.0 0.0 0.0 0.0 0.382683432 0.923879533
0 0 36.0 4.0 0.0 0.0 0.0 0.382683432 0.923879533
0 0 32.0 4.0 0.0 0.0 0.0 0.382683432 0.923879533
0 0 28.0 4.0 0.0 0.0 0.0 0.382683432 0.923879533
0 0 24.0 4.0 0.0 0.0 0.0 0.382683432 0.923879533
0 0 20.0 4.0 0.0 0.0 0.0 0.382683432 0.923879533
0 0 16.0 4.0 0.0 0.0 0.0 0.382683432 0.923879533
0 0 12.0 4.0 0.0 0.0 0.0 0.382683432 0.923879533
0 0 8.0 4.0 0.0 0.0 0.0 0.382683432 0.923879533
0 0 4.0 4.0 0.0 0.0 0.0 0.382683432 0.923879533
0 0 0.0 4.0 0.0 0.0 0.0 0.382683432 0.923879533
0 0 -4.0 4.0 0.0 0.0 0.0 0.382683432 0.923879533
0 0 -8.0 4.0 0.0 0.0 0.0 0.382683432 0.923879533
0 0 -12.0 4.0 0.0 0.0 0.0 0.382683432 0.923879533
0 0 -16.0 4.0 0.0 0.0 0.0 0.382683432 0.923879533
0 0 -20.0 4.0 0.0 0.0 0.0 0.382683432 0.923879533
0 0 -24.0 4.0 0.0 0.0 0.0 0.382683432 0.923879533
0 0 -28.0 4.0 0.0 0.0 0.0 0.382683432 0.923879533
